2.404825557695772768621631879326454643124244909145967135706999090596765838677194029204436343760145255
5.520078110286310649596604112813027425221865478782909853757552038144290829193725443093610491399543483
8.653727912911012216954198712660946685565795231275355618891476583022599956650998772267322640283229376
11.79153443901428161374304491192545892202292469969544670325051087905164651179274511097732536755351553
14.93091770848778594776259399738868220791585011563302815877417321883519336393209342637661049277636221
18.07106396791092254314788297561817656024898674700132608642331463528382056239377834254915560400966327
21.21163662987925895907839335052630683618180897597639983273820273376868822990005103407136074421749732
24.35247153074930273705794476317890718456937267514892702240604563772827754058735257597419733108980181
27.49347913204025479587728823460741454652956886054962201093886123000913107500036752315141356312735489
30.63460646843197511754957892685423273727357162917814719075501789971602444755672302323011597795469350
33.77582021357356868423854634671472802393270574256681654896409701271934118168846761786101715399838544
36.91709835366404397976949306327295263648570258557603671668836461655619514720165107293675559448141215
40.05842576462823929479930737399447291034796195199012415868824685281998737938402797696743142428669570
43.19979171317673035752407272874342217087609792088225285754043914346230544276560873498859096858195649
46.34118837166181401868578887911284917465014850526036343721391986776797058883231857957745370161241683
49.48260989739781717360276153317827226970223775303862008955551807589256466750134412829734751529431226
52.62405184111499602925128538039157330012033293268689416022022217597930427828762754648684693017919007
55.76551075501997931168349277346183063137533975520469235341128403207444755590376026795581953173632002
58.90698392608094213283440663461568558565808885575615461187767812337618093314452424224541908079480066
62.04846919022716988285250026465095232381538376625090460270166418980908329662273767270840239418658287
65.18996480020686044063603374251231622565656770477683865837154696449934784514282135323468290279727269
68.33146932985679827099230383998437803684762122272681831988360808198982359893586668336335064066790818
71.47298160359373282506307385612970055337189382578856446510643179181328908055143975858225249996334672
74.61450064370183788382054046933555420302085378437273627621670707498218108466335968629431497968293087
77.75602563038805503773937189123369326508356221613835617080796753485114623741419335299420107803651676
80.89755587113762786377214349087305285687472596966172129297130580156896309387253112697433928505055347
84.03909077693819015787963834799795512771258941740554588205731175295876003805879031838608285865616120
87.18062984364115365126180506904860884867212994645584329667434229304610189676312989845721815865405362
90.32217263721048005571776677762790891448612157257768677498893487270716693575291335249146123813376620
93.46371878194477417119059154398091075732394006291777249164732628538601628160993265662452395157197131
96.60526795099626877812161732392789687942556039142086104234678212784054360124905613051975181462821104
99.74681985868059647027997900013457780103992953775104700441151683381060921650318628569651932742957000
102.8883742541947945964200342725645762892747000469584989258453418639982988335319183579456049149704450
106.0299309164516155101769171918824475816359732209914499981016300932591100540644877793749110792525696
109.1714896498053835520659770127496566182972768952133643299706286093572305000168153483097348225426794
112.3130502804949096274945061221783313859406220041129217635181727631225973618035663753305275298006337
115.4546126536669396281177566940295965973465801155992285306426266273036093945551703998490508269385121
118.5961766308725317156293844752439096602568188651751001411312283701463700986429537221744346253255094
121.7377420879509629652343634833408945102974045884817628259974778659109041127315202120679107211833582
124.8793089132329460452591283669041436285463536911330682417959786915593487385013628103112918688529905
128.0208770060083240797635593922979439000814374279297053874650455755369593197609319494286349200355904
131.1624462752139146078961149915269377945370044092091556227339592574688957217085335494826569306717831
134.3040166383054660993528968341003824951897372355874081330285492917604765255610927186419005955150957
137.4455880202842777877826614833321657450146975132362709638297287592750825691093480849542499000494458
140.5871603528542965484889033400605696568219398763265174195771789569022702777724636866855758706159002
143.7287335736897325339507180047704855583099769124146723129294019439171486920244296461377187703984778
146.8703076257966495941327048582533181032887726483011684526266377271401692294232926990111397773096947
150.0118824569547574908804729740729568628687242024843517910474755862822216780668378988152706948736838
153.1534580192278924875916256101535787945214523877731752419909333488370555622312416209482983210681350
156.2950342685335238195494952731360466983897143215929172235715853491500803103008686180654978365781333
159.4366111642631463234910379100018016127919661714432213970812203039222332196194463060662501752116742
162.5781886689466775190598089629418332165144471527909894288535657610305578233260291904469316515257479
165.7197667479550208666904267382036263864010773854807580981034562841674087742089000901699902062235257
168.8613453692358256874563374523317971596299967544267578084269147554821925124406728132262682613548744
172.0029245030782002154004315073257260352133471325537552678965613259632762865311277949293156047640920
175.1445041219027430653727978591034457059946501756806595571523106430803959491894407290697780093162485
178.2860842000737706814839741912507574863690392176790444721567614798450112525191578141591805272715144
181.4276647137310507942121995870507350422537051514699217702747945531887424086054930582289068067083738
184.5692456406387181411154122479170208829243943226228613570995561499218565996669137994622073323491274
187.7108269600493597800752657208008419042871556584197823665765780170512633819063319782372965033742869
190.8524086525815223217807989495973327305483919112867651799597127582954029746023089901621110126761306
193.9939907001091197899403967274862503023518302873521933209648644116474483853468759441206449132377385
197.1355730856614147362120026807249579527083099723286266174600161895618137693857919323445512648951085
200.2771557933324117833620874712691075689045251854878528390243709324169703796600482675150639779667685
203.4187388081986461712488202153193331092571887476967266443370005720525279095117495887451094025169627
206.5603221162444736554572449284017463852104323928666516402335164544732685778647622092646387282116429
209.7019057042940751974824466658012730605618074137532029523045007660421472662103520659412613523628986
212.8434895599494827507455656774679536613551284101586407667246543261524879296746585205772983717472726
215.9850736715340131569956378831424943974551405165978821355876528305506920246940577204238652455801514
219.1266580280405674651891309782347220139553983626877224783334708423112409454113202861030801662823271
222.2682426190843143412845243794722513887703663948371764802168754911549784930954896176030387635561922
225.4098274348593298985131819962700006242931838129747789179721829293162199767088656203113021768406988
228.5514124660988133011978406902287918948929820372193903555668001131157178258794212075101429605340685
231.6929977040385387809737961925010375234795227611568126873994444832976164203457650450825621667127287
234.8345831403832410198080232665635801625754139465680738253267019769234831621337393308992204072484237
237.9761687672756628555575633232857594584949543733882795632481744844655517338938319269855268148652103
241.1177545772680225149969710899110142280844323015427965288324118266761535826042451748578556486028043
244.2593405632956825588065761778659632656490433579677109487385963059736185813800565850666923604524573
247.4009267186528248480879406894697712224847326676357269126762011151441728169545644952193754133231368
250.5425130369699554704463652830012513215685042465571899853474226219880971854282972307563314561213299
253.6840995121930810046928085043858323541569204592502753109092089051716973435996887449551708456143644
256.8256861385644130243177332863651648435750362827049525825930669159050220371784384759516208553935348
259.9672729106044715730647775691999055006323028293274955395528306296829857911017934913499937520574013
263.1088598230954706927040025763371270362733330722211827739126465975654500142677288861449810795793954
266.2504468710658801188409542340070846081897398546088306777808325523045210113546287027466670509729321
269.3920340497760671381733961383535003542953705800397711875418429462831301954626537156839540984362658
272.5336213547049314535143489693489454864098631765757335237917399307775329996920121007473710443258731
275.6752087815374538478977949689463937439704142668269549772684035402268273921790402704214655480528242
278.8167963261530865784617738644798875236642658912174313711014835346430637701232665102388017017668550
281.9583839846149198543167096767901614986865790840608619987101389669378066845647271671202697047360244
285.0999717531595645391305877430465350491678846857860544446853161100910477691522688141880243820746556
288.2415596281876964381173950207248524921562599742907573399753255539255323173581589500893591583793567
291.3831476062552122416890500692214469818732641424102816861352315796793804292647822893197773331705880
294.5247356840649514582331771109153793857185603165970569555014263657427495345705619486984021837557494
297.6663238584589425240491906748523798955640908293128180555582101467224302894209107587321006595392516
300.8079121264111347716689688513188302820666001993652592589440417415348380943811492229012172685633287
303.9495004850205811060577797539817092857261980569145221510820239340116593710549219965565605791428257
307.0910889315050391147737970003260498900239277863856788378520116265726800763215912336448612822372540
310.2326774631949609525960930436140224130001146625063350386135030355087034763245122854563335918151996
313.3742660775278447196902451019045127229414512964006431856305600127216958490223577634763445477584457
316.5158547720429222184775226742587897874563176155192779423779844918861421947394317241083431532609251
319.6574435443761599488873472177641187735089763971486040179097252265803167893096657694386710947490535
322.7990323922555520032475448486998227080053564607765437392566955936708808106904317126755120536885018
325.9406213134966851673704889557556330397813872912922707346025332310273344693570317025036431063008788
329.0822103059985580383430199080336963211268418166357118686192279611485967220332203476400701616419392
332.2237993677396373454899182983392804568575820491429242378244676709739299343262294545083982623425302
335.3653884967741359209434003452232634021980171404773791033248374621726921460179073326298225945272558
338.5069776912284979209794856231219051715091474074516199474628901160659500557830059007533170287129122
341.6485669492980779584522587569178224442971312251779571012574581284907723445763150494470928158496287
344.7901562692440017789753610863847103985456084191101369951657832524361142288727196609386603489316991
347.9317456493901970068081775001196549136683281922257065068384176321273605306990047873572134935137846
351.0733350881205833077719634907598034529865028866068733995855072840441244551123503492348809502880721
354.2149245838764120723287285614591795657011462180656146280955634948654755688124744248329010092085921
357.3565141351537464179662537279914745699818672790642147597194749682617058471050959647841282565614792
360.4981037405010729514569433956945943628270466812812305572342923700857951391731976138056812313004774
363.6396933985170373231119042156542540075052357284385834542999020175268807642170502915161777170966028
366.7812831078482961511060441902467301415229582843338303037911457550145676077234724077909882782146573
369.9228728671874783981774355621555750380576504737788427113415471915679648918881212799594451792738142
373.0644626752712497490183460114911812541071753734218074891402807640965818956462502698345656888488074
376.2060525308784739676671360493107575063098501530009859774955232353431493148783759824577731700705526
379.3476424328284656130798999161775001429052818012601039589815056968745449725685607317114756361356782
382.4892323799793288604465257598000929219341314296365858702745434803690738086943274802956864450028944
385.6308223712263775181195942058762386128671690278345501726088877179298277983774345585743373157772793
388.7724124055006316474345643133143763509175632961094990468518320040244223522220531877884531889077703
391.9140024817673864872114041852264794744544914702660349620264350494167835209851917455508982154536543
395.0555925990248496581620639240235558321351588781159617624525355374247215676211611269379166282137614
398.1971827563028428764478001747883941317814696606120246500622703161441635129156791224161217201422021
401.3387729526615646417550105254493293933279281663530948191505323078677363359175333383446567105829600
404.4803631871904105848777597125786477054084229791688124190028672243478916297206525515789933461152063
407.6219534590068483641815926461883549529678647512704160188435173923971464924368498840543941389069630
410.7635437672553441906415369541188216100225162978295851752568943349913240386200122158211508644208001
413.9051341111063382384651418992542433854088546194088703744877903891477114531932244878660172353255036
417.0467244897552663636082513145365821483275696088558318703857983777343649743508964095577703585268880
420.1883149024216257066657013858988367175816454424918434782099861904686684724897565672822637462301233
423.3299053483480819004966425712483198471914430874990729188151449001928808649835112649480692186855756
426.4714958267996157372832034817327810296386157788173824126515374230711607966783463078823733235411269
429.6130863370627072752192282679181856714573688607978002664605269538555195724545795248787662629052025
432.7546768784445554823246179085145977392434655960671123229686445020627051310828273831260878729441585
435.8962674502723316245713012695595891012450018946969359188148419430976059285951892729478446909305057
439.0378580518924647081334554959133103481153723083375103796241079532515639501711129797815998401441694
442.1794486826699573816391440941226175344247003234460343498301970495545361465746247726995972373105731
445.3210393419877307942659586278105002036127147229992956204867657495826856331314642871672182096932303
448.4626300292459969898167802602786316913751475041905677241493572893451487922647047732049275048048699
451.6042207438616574959279722698796691973659525931722688858629524754485562629358088115019962749655621
454.7458114852677268416657439132834976997283139938182388967135562649723183756895759721012558999354360
457.8874022529127798062941457582324466125588778768337204791276017155541449031961630493942371709780714
461.0289930462604212672619590910451330558368169856559742983970364323806421628739172487770267975487782
464.1705838647887775767442073741721461540859065320696442075709603366843298674321058406719687666551025
467.3121747079900084536543865406152188807472547272744000996248214905410311305834513060502345352244250
470.4537655753698384321633940759358902061863148025500825784163099899124678271640406487169016676286975
473.5953564664471069586500781194947328369114863600391493079472334446583889209388983277207739334579796
476.7369473807533362768792324812550211059417345132223342641129008867351826548762701105322870488606592
479.8785383178323162862533053543225280602978202762208021203612346273221316310364678944186755951679535
483.0201292772397056003975075650315675941204581220138340535249347888607590691344090124829414120519517
486.1617202585426480732848005641572870223778537862890931720991581541230165520404582044032928558665719
489.3033112613194040977457808714287996820611797177736616360449558899407661434563802473408329225435926
492.4449022851589960166860091630738325063197167086272310675040927217993990033385352282188107376898133
495.5864933296608670207868437709559574437046088568013353702206596126715601976718367688001600967584515
498.7280843944345529380228235975548123379469121083262329582626848758901388482643225714488842207009028
501.8696754790993663501078192800314542411423117480720100103074244610646676352599171364880626575940121
505.0112665832840924990941254784012793784037397965180488891123103146951932981112180350199186212134672
508.1528577066266964738964723567863348620063166488760997653576191383455840210552637026379504938519407
511.2944488487740411915926954338074427179263630910441417698707279456286529932686906653286179536214025
514.4360400093816157120541690627173708405005756764864772343104477709630634051658238437444604123995088
517.5776311881132734468657434338885151368130292105338995315724473934500097691452910812387709522107042
520.7192223846409798446849395725045707761775004037423048679050966462554996304246819385598976163916213
523.8608135986445691552365101079757482983341842976216199480529483492280994757373299155189732114687678
527.0024048298115098931093403499931619864051655120118097650535092489687461805723831885265587239697231
530.1439960778366786404817752947716236831046997857745933149749171481704610518053198525547087854887234
533.2855873424221418449084147599321011301151323970370410751978274317309303108801294739855763890268527
536.4271786232769452844119825646041439175228702368408739601157369945335448280612649403026638303631455
539.5687699201169108873902369444961569626433041004366066388312511258801233550946118275949205247759821
542.7103612326644406093189154541399636723831669760838976416651509801024778001616702230482789918641407
545.8519525606483270819531720246797601168632935565252043258287983965164260956380296443371250257312877
548.9935439038035707637447589447372477160653757583923860290128615408878302990314306183445362748754047
552.1351352618712033325405401298964262521295456493419320978473715170608305088716851996641351528558164
555.2767266345981170733474996988238205547695009080122830742777348923766534736241218483491814585864677
558.4183180217369000250756038005949238619140899921425389665033484472811135585184179124402852404537530
561.5599094230456766607358793612873926470015988640183244626920902939222729797804334887553633266387676
564.7015008382879538856080550753931305241418278410773789891682160894405411359569410425586583968811085
567.8430922672324721474293351705304548808691761215552361459086523130024932271757866450095509785062968
570.9846837096530614617208415224208192316822512935834890961293956998790077110516585565576370863120452
574.1262751653285021639868058873220102469006094476489018559948048322051438706753961815742245192885514
577.2678666340423902087180157224178137343761382387608883523835286863721508686036102947437791945906994
580.4094581155830068429281622017980512489608928297868505696385409884634620220838566214281393480026672
583.5510496097431924893711025193862512588822877058039406536470613086198444904127194786892732259613450
586.6926411163202246816488592433474099810758804949284472643224898016146541108709702372703030096168979
589.8342326351156999001434810406582160750234179377631975639608249282667862388625024691942368241789414
592.9758241659354191641086154113414676050583893288094300477728168682083167095289714116260135552551593
596.1174157085892772413556894228577257453536946297467466905525238958237072417951909436535535021586183
599.2590072628911553427808788582242306582384249099439785626929556644854912448282167000287564350945644
602.4005988286588171745175764736971617326299723516295535666610386650113004542366804078976616772343667
605.5421904057138082257789965905882013316600497417608825371822330754963397191066247474576196272899729
608.6837819938813581754902230487429183220151968513391833244493538704477620722433392678782160006312888
611.8253735929902863056110137944390160220787193883142798019225495522694327346626316703791201836275302
614.9669652028729098136319035838815553968452208079345035748027144351582600028131787046782268335926615
618.1085568233649549210978174880594037110875468346050682171215900196676132140948779861259865670458138
621.2501484543054706791861189525308813266842417288055929320685773012345546848816043001316083764154618
624.3917400955367453763497774824975279326403125696889434436687727287781994949961885536530649349458867
627.5333317469042254568406117259390743418614730332969997079747395713457732817853761714124621866252879
